1914    1 .                               
1914    2 .                               
1914    3 .                               
1914    4 .                               
1914    5 .                               
1914    6 .                               
1914    7 .                               
1914    8 .                               
1914    9 .                               
1914   10 .                               
1914   11 .                               
1914   12 55.0000                         
1915    1 56.5500                         
1915    2 56.0000                         
1915    3 58.3000                         
1915    4 66.4500                         
1915    5 65.9500                         
1915    6 68.4000                         
1915    7 71.8500                         
1915    8 79.2500                         
1915    9 85.5000                         
1915   10 92.3500                         
1915   11 94.3500                         
1915   12 97.0000                         
1916    1 94.7000                         
1916    2 93.5500                         
1916    3 93.3000                         
1916    4 89.7500                         
1916    5 90.1500                         
1916    6 90.6500                         
1916    7 88.4500                         
1916    8 91.0000                         
1916    9 97.4500                         
1916   10 102.100                         
1916   11 107.900                         
1916   12 98.5000                         
1917    1 97.1500                         
1917    2 90.9500                         
1917    3 94.6500                         
1917    4 93.9000                         
1917    5 93.3500                         
1917    6 96.9500                         
1917    7 92.9000                         
1917    8 88.6500                         
1917    9 83.6000                         
1917   10 79.0500                         
1917   11 71.4000                         
1917   12 70.2000                         
1918    1 76.6000                         
1918    2 79.9500                         
1918    3 78.0500                         
1918    4 77.6500                         
1918    5 81.0500                         
1918    6 80.4500                         
1918    7 81.8500                         
1918    8 81.9500                         
1918    9 82.5000                         
1918   10 86.2500                         
1918   11 84.0000                         
1918   12 82.5000                         
1919    1 81.6500                         
1919    2 82.4500                         
1919    3 86.5500                         
1919    4 91.1500                         
1919    5 99.4000                         
1919    6 103.600                         
1919    7 109.700                         
1919    8 103.250                         
1919    9 108.200                         
1919   10 113.900                         
1919   11 111.600                         
1919   12 105.800                         
1920    1 105.900                         
1920    2 96.5000                         
1920    3 97.9500                         
1920    4 99.4500                         
1920    5 91.1000                         
1920    6 91.7000                         
1920    7 90.7000                         
1920    8 85.2500                         
1920    9 86.5000                         
1920   10 84.8500                         
1920   11 79.3000                         
1920   12 72.2000                         
1921    1 74.7500                         
1921    2 75.7000                         
1921    3 75.0500                         
1921    4 77.0000                         
1921    5 76.7000                         
1921    6 69.2000                         
1921    7 68.6000                         
1921    8 66.9500                         
1921    9 69.3500                         
1921   10 71.7000                         
1921   11 75.7000                         
1921   12 79.8000                         
1922    1 80.6000                         
1922    2 83.7500                         
1922    3 87.2000                         
1922    4 91.3000                         
1922    5 93.9500                         
1922    6 93.5500                         
1922    7 95.0000                         
1922    8 98.5000                         
1922    9 99.2000                         
1922   10 99.7500                         
1922   11 95.7500                         
1922   12 97.0000                         
1923    1 98.2000                         
1923    2 100.800                         
1923    3 103.900                         
1923    4 100.550                         
1923    5 95.5000                         
1923    6 92.5500                         
1923    7 89.3000                         
1923    8 90.4500                         
1923    9 90.7500                         
1923   10 88.1500                         
1923   11 90.6500                         
1923   12 94.1000                         
1924    1 97.8000                         
1924    2 98.8000                         
1924    3 95.6000                         
1924    4 91.9500                         
1924    5 90.4000                         
1924    6 93.3000                         
1924    7 99.2500                         
1924    8 103.550                         
1924    9 102.900                         
1924   10 101.650                         
1924   11 107.650                         
1924   12 115.450                         
1925    1 121.550                         
1925    2 120.450                         
1925    3 120.350                         
1925    4 119.700                         
1925    5 125.550                         
1925    6 128.900                         
1925    7 133.900                         
1925    8 138.850                         
1925    9 142.450                         
1925   10 150.650                         
1925   11 153.800                         
1925   12 154.550                         
1926    1 156.100                         
1926    2 158.400                         
1926    3 144.250                         
1926    4 140.550                         
1926    5 140.300                         
1926    6 148.150                         
1926    7 156.800                         
1926    8 163.500                         
1926    9 161.200                         
1926   10 152.700                         
1926   11 153.950                         
1926   12 159.300                         
1927    1 154.650                         
1927    2 158.150                         
1927    3 160.100                         
1927    4 164.050                         
1927    5 168.800                         
1927    6 168.850                         
1927    7 175.350                         
1927    8 183.850                         
1927    9 195.300                         
1927   10 189.800                         
1927   11 189.950                         
1927   12 198.000                         
1928    1 198.950                         
1928    2 195.350                         
1928    3 204.500                         
1928    4 212.450                         
1928    5 216.300                         
1928    6 211.500                         
1928    7 210.850                         
1928    8 227.250                         
1928    9 239.300                         
1928   10 247.450                         
1928   11 274.900                         
1928   12 278.650                         
1929    1 307.250                         
1929    2 309.000                         
1929    3 308.850                         
1929    4 309.200                         
1929    5 310.250                         
1929    6 316.450                         
1929    7 341.450                         
1929    8 359.150                         
1929    9 362.350                         
1929   10 291.500                         
1929   11 228.200                         
1929   12 247.200                         
1930    1 255.650                         
1930    2 267.400                         
1930    3 278.250                         
1930    4 285.500                         
1930    5 266.700                         
1930    6 243.150                         
1930    7 229.800                         
1930    8 228.800                         
1930    9 225.000                         
1930   10 198.750                         
1930   11 180.950                         
1930   12 172.150                         
1931    1 167.250                         
1931    2 181.550                         
1931    3 180.050                         
1931    4 158.000                         
1931    5 141.450                         
1931    6 139.300                         
1931    7 145.350                         
1931    8 139.800                         
1931    9 118.350                         
1931   10 98.1000                         
1931   11 103.400                         
1931   12 82.8000                         
1932    1 78.5500                         
1932    2 78.9000                         
1932    3 81.0500                         
1932    4 64.0500                         
1932    5 51.8500                         
1932    6 46.8500                         
1932    7 47.7500                         
1932    8 64.4000                         
1932    9 71.0000                         
1932   10 65.3000                         
1932   11 62.2000                         
1932   12 58.8500                         
1933    1 61.8500                         
1933    2 55.1500                         
1933    3 57.7500                         
1933    4 66.7000                         
1933    5 83.3000                         
1933    6 93.8000                         
1933    7 98.5500                         
1933    8 98.8500                         
1933    9 99.4500                         
1933   10 91.6500                         
1933   11 95.4500                         
1933   12 99.0500                         
1934    1 102.850                         
1934    2 106.900                         
1934    3 102.300                         
1934    4 103.550                         
1934    5 96.2000                         
1934    6 95.9000                         
1934    7 92.2500                         
1934    8 91.6000                         
1934    9 90.2000                         
1934   10 93.0000                         
1934   11 98.3000                         
1934   12 101.800                         
1935    1 103.200                         
1935    2 103.700                         
1935    3 100.000                         
1935    4 105.450                         
1935    5 112.750                         
1935    6 115.250                         
1935    7 122.650                         
1935    8 126.950                         
1935    9 130.700                         
1935   10 134.800                         
1935   11 144.750                         
1935   12 141.700                         
1936    1 146.300                         
1936    2 152.000                         
1936    3 154.600                         
1936    4 152.850                         
1936    5 149.500                         
1936    6 155.000                         
1936    7 162.250                         
1936    8 164.950                         
1936    9 167.400                         
1936   10 172.950                         
1936   11 180.800                         
1936   12 179.050                         
1937    1 182.300                         
1937    2 188.400                         
1937    3 187.100                         
1937    4 177.650                         
1937    5 171.900                         
1937    6 170.300                         
1937    7 177.850                         
1937    8 182.950                         
1937    9 160.250                         
1937   10 139.900                         
1937   11 124.750                         
1937   12 124.350                         
1938    1 127.250                         
1938    2 125.450                         
1938    3 114.750                         
1938    4 111.000                         
1938    5 113.550                         
1938    6 122.800                         
1938    7 139.750                         
1938    8 140.950                         
1938    9 136.500                         
1938   10 148.650                         
1938   11 152.250                         
1938   12 151.100                         
1939    1 145.650                         
1939    2 144.850                         
1939    3 142.050                         
1939    4 127.100                         
1939    5 133.000                         
1939    6 135.100                         
1939    7 138.200                         
1939    8 137.800                         
1939    9 144.400                         
1939   10 152.550                         
1939   11 149.150                         
1939   12 148.350                         
1940    1 148.750                         
1940    2 146.950                         
1940    3 147.000                         
1940    4 149.050                         
1940    5 131.050                         
1940    6 117.850                         
1940    7 123.550                         
1940    8 125.350                         
1940    9 131.400                         
1940   10 132.750                         
1940   11 133.950                         
1940   12 130.400                         
1941    1 128.850                         
1941    2 121.250                         
1941    3 122.100                         
1941    4 120.100                         
1941    5 116.550                         
1941    6 120.100                         
1941    7 126.500                         
1941    8 126.550                         
1941    9 127.550                         
1941   10 122.350                         
1941   11 117.050                         
1941   12 111.500                         
1942    1 111.550                         
1942    2 107.950                         
1942    3 103.100                         
1942    4 97.7000                         
1942    5 98.4500                         
1942    6 103.800                         
1942    7 105.800                         
1942    8 106.200                         
1942    9 107.800                         
1942   10 112.500                         
1942   11 115.700                         
1942   12 117.150                         
1943    1 122.420                         
1943    2 127.590                         
1943    3 132.710                         
1943    4 134.060                         
1943    5 139.130                         
1943    6 141.080                         
1943    7 140.880                         
1943    8 136.220                         
1943    9 139.330                         
1943   10 138.360                         
1943   11 134.040                         
1943   12 133.460                         
1944    1 137.280                         
1944    2 135.840                         
1944    3 138.720                         
1944    4 137.060                         
1944    5 139.650                         
1944    6 145.120                         
1944    7 148.040                         
1944    8 146.930                         
1944    9 145.060                         
1944   10 147.380                         
1944   11 146.840                         
1944   12 149.920                         
1945    1 153.600                         
1945    2 157.100                         
1945    3 156.900                         
1945    4 160.220                         
1945    5 166.080                         
1945    6 166.740                         
1945    7 164.000                         
1945    8 167.920                         
1945    9 177.800                         
1945   10 185.060                         
1945   11 189.340                         
1945   12 192.440                         
1946    1 198.120                         
1946    2 196.500                         
1946    3 194.510                         
1946    4 203.750                         
1946    5 206.580                         
1946    6 206.000                         
1946    7 201.390                         
1946    8 196.860                         
1946    9 173.180                         
1946   10 169.530                         
1946   11 168.980                         
1946   12 172.910                         
1947    1 176.200                         
1947    2 180.860                         
1947    3 177.120                         
1947    4 172.070                         
1947    5 168.710                         
1947    6 172.720                         
1947    7 183.360                         
1947    8 180.690                         
1947    9 177.340                         
1947   10 181.700                         
1947   11 181.280                         
1947   12 178.450                         
1948    1 176.110                         
1948    2 170.280                         
1948    3 171.300                         
1948    4 180.550                         
1948    5 185.670                         
1948    6 190.530                         
1948    7 186.410                         
1948    8 181.440                         
1948    9 180.680                         
1948   10 185.030                         
1948   11 180.480                         
1948   12 175.570                         
1949    1 178.280                         
1949    2 175.740                         
1949    3 176.060                         
1949    4 175.200                         
1949    5 172.500                         
1949    6 164.880                         
1949    7 172.270                         
1949    8 179.430                         
1949    9 180.660                         
1949   10 186.170                         
1949   11 190.800                         
1949   12 196.620                         
1950    1 199.790                         
1950    2 203.460                         
1950    3 206.300                         
1950    4 212.670                         
1950    5 219.360                         
1950    6 221.020                         
1950    7 205.300                         
1950    8 216.600                         
1950    9 223.210                         
1950   10 229.320                         
1950   11 229.380                         
1950   12 229.260                         
1951    1 244.450                         
1951    2 253.320                         
1951    3 249.500                         
1951    4 253.360                         
1951    5 254.360                         
1951    6 249.320                         
1951    7 253.600                         
1951    8 264.920                         
1951    9 273.360                         
1951   10 269.730                         
1951   11 259.610                         
1951   12 266.090                         
1952    1 271.710                         
1952    2 265.190                         
1952    3 264.480                         
1952    4 262.550                         
1952    5 261.610                         
1952    6 268.390                         
1952    7 276.040                         
1952    8 276.700                         
1952    9 272.400                         
1952   10 267.770                         
1952   11 276.370                         
1952   12 285.950                         
1953    1 288.440                         
1953    2 283.940                         
1953    3 286.790                         
1953    4 275.280                         
1953    5 276.840                         
1953    6 266.880                         
1953    7 270.320                         
1953    8 272.210                         
1953    9 261.900                         
1953   10 270.730                         
1953   11 277.100                         
1953   12 281.150                         
1954    1 286.640                         
1954    2 292.130                         
1954    3 299.150                         
1954    4 310.920                         
1954    5 322.860                         
1954    6 327.910                         
1954    7 341.270                         
1954    8 346.060                         
1954    9 352.710                         
1954   10 358.290                         
1954   11 375.750                         
1954   12 393.840                         
1955    1 398.430                         
1955    2 410.250                         
1955    3 408.910                         
1955    4 422.990                         
1955    5 421.550                         
1955    6 440.790                         
1955    7 462.160                         
1955    8 457.290                         
1955    9 476.430                         
1955   10 452.650                         
1955   11 476.580                         
1955   12 484.580                         
1956    1 474.750                         
1956    2 475.520                         
1956    3 502.670                         
1956    4 511.040                         
1956    5 495.200                         
1956    6 485.330                         
1956    7 509.760                         
1956    8 511.690                         
1956    9 495.010                         
1956   10 483.800                         
1956   11 479.340                         
1956   12 492.010                         
1957    1 485.900                         
1957    2 466.840                         
1957    3 472.780                         
1957    4 485.420                         
1957    5 500.830                         
1957    6 505.270                         
1957    7 514.640                         
1957    8 487.970                         
1957    9 471.790                         
1957   10 443.380                         
1957   11 436.730                         
1957   12 436.940                         
1958    1 445.680                         
1958    2 444.160                         
1958    3 450.140                         
1958    4 446.900                         
1958    5 460.040                         
1958    6 471.970                         
1958    7 488.270                         
1958    8 507.550                         
1958    9 521.820                         
1958   10 539.850                         
1958   11 557.100                         
1958   12 566.430                         
1959    1 592.290                         
1959    2 590.720                         
1959    3 609.120                         
1959    4 616.990                         
1959    5 630.800                         
1959    6 631.510                         
1959    7 662.810                         
1959    8 660.580                         
1959    9 635.470                         
1959   10 637.340                         
1959   11 646.430                         
1959   12 671.350                         
1960    1 665.390                         
1960    2 624.880                         
1960    3 614.700                         
1960    4 619.980                         
1960    5 615.640                         
1960    6 644.380                         
1960    7 625.830                         
1960    8 624.470                         
1960    9 598.100                         
1960   10 582.450                         
1960   11 601.140                         
1960   12 609.540                         
1961    1 632.200                         
1961    2 650.010                         
1961    3 670.560                         
1961    4 684.900                         
1961    5 693.030                         
1961    6 691.440                         
1961    7 690.660                         
1961    8 718.640                         
1961    9 711.020                         
1961   10 703.010                         
1961   11 724.740                         
1961   12 728.440                         
1962    1 705.160                         
1962    2 711.950                         
1962    3 714.210                         
1962    4 690.280                         
1962    5 643.710                         
1962    6 572.640                         
1962    7 581.780                         
1962    8 602.510                         
1962    9 597.020                         
1962   10 580.650                         
1962   11 628.820                         
1962   12 648.380                         
1963    1 672.100                         
1963    2 679.750                         
1963    3 674.630                         
1963    4 707.120                         
1963    5 720.840                         
1963    6 719.140                         
1963    7 700.750                         
1963    8 714.150                         
1963    9 738.520                         
1963   10 747.520                         
1963   11 743.240                         
1963   12 759.940                         
1964    1 776.620                         
1964    2 793.030                         
1964    3 812.180                         
1964    4 820.940                         
1964    5 823.120                         
1964    6 817.630                         
1964    7 844.240                         
1964    8 835.300                         
1964    9 863.550                         
1964   10 875.260                         
1964   11 880.040                         
1964   12 866.730                         
1965    1 889.890                         
1965    2 894.410                         
1965    3 896.440                         
1965    4 907.710                         
1965    5 927.500                         
1965    6 878.060                         
1965    7 873.430                         
1965    8 887.700                         
1965    9 922.180                         
1965   10 944.770                         
1965   11 953.310                         
1965   12 955.190                         
1966    1 985.930                         
1966    2 977.150                         
1966    3 926.430                         
1966    4 943.700                         
1966    5 890.700                         
1966    6 888.730                         
1966    7 875.870                         
1966    8 817.550                         
1966    9 791.650                         
1966   10 778.100                         
1966   11 806.550                         
1966   12 800.860                         
1967    1 830.560                         
1967    2 851.120                         
1967    3 858.110                         
1967    4 868.660                         
1967    5 883.740                         
1967    6 872.660                         
1967    7 888.510                         
1967    8 912.460                         
1967    9 923.450                         
1967   10 907.540                         
1967   11 865.430                         
1967   12 887.200                         
1968    1 884.770                         
1968    2 847.200                         
1968    3 834.760                         
1968    4 893.370                         
1968    5 905.220                         
1968    6 906.820                         
1968    7 905.320                         
1968    8 883.720                         
1968    9 922.800                         
1968   10 955.470                         
1968   11 964.120                         
1968   12 965.390                         
