1887    1 .                               
1887    2 .                               
1887    3 .                               
1887    4 59.9000                         
1887    5 .                               
1887    6 .                               
1887    7 59.5000                         
1887    8 59.1000                         
1887    9 57.9000                         
1887   10 58.2000                         
1887   11 59.6000                         
1887   12 60.3000                         
1888    1 60.0000                         
1888    2 57.5000                         
1888    3 57.3000                         
1888    4 59.4000                         
1888    5 59.2000                         
1888    6 59.3000                         
1888    7 .                               
1888    8 .                               
1888    9 57.3000                         
1888   10 58.8000                         
1888   11 58.8000                         
1888   12 59.3000                         
1889    1 60.9000                         
1889    2 59.6000                         
1889    3 59.2000                         
1889    4 60.0000                         
1889    5 61.0000                         
1889    6 61.1000                         
1889    7 61.5000                         
1889    8 61.7000                         
1889    9 57.2000                         
1889   10 62.1000                         
1889   11 62.5000                         
1889   12 62.7000                         
1890    1 62.8000                         
1890    2 63.6000                         
1890    3 60.4000                         
1890    4 .                               
1890    5 61.9000                         
1890    6 63.0000                         
1890    7 62.4000                         
1890    8 62.1000                         
1890    9 61.5000                         
1890   10 61.4000                         
1890   11 60.7000                         
1890   12 60.1000                         
1891    1 62.0000                         
1891    2 62.8000                         
1891    3 60.8000                         
1891    4 60.7000                         
1891    5 61.6000                         
1891    6 60.1000                         
1891    7 60.1000                         
1891    8 .                               
1891    9 59.9000                         
1891   10 59.6000                         
1891   11 60.4000                         
1891   12 60.4000                         
1892    1 60.7000                         
1892    2 61.3000                         
1892    3 60.3000                         
1892    4 60.5000                         
1892    5 60.2000                         
1892    6 61.1000                         
1892    7 61.5000                         
1892    8 .                               
1892    9 61.7000                         
1892   10 61.9000                         
1892   11 62.1000                         
1892   12 63.7000                         
1893    1 62.8000                         
1893    2 60.3000                         
1893    3 59.0000                         
1893    4 62.7000                         
1893    5 57.0000                         
1893    6 60.2000                         
1893    7 56.9000                         
1893    8 .                               
1893    9 51.1000                         
1893   10 56.7000                         
1893   11 57.3000                         
1893   12 57.7000                         
1894    1 57.8000                         
1894    2 59.8000                         
1894    3 58.1000                         
1894    4 58.4000                         
1894    5 58.8000                         
1894    6 59.0000                         
1894    7 59.1000                         
1894    8 .                               
1894    9 59.9000                         
1894   10 60.3000                         
1894   11 60.9000                         
1894   12 60.6000                         
1895    1 61.2000                         
1895    2 61.3000                         
1895    3 59.2000                         
1895    4 59.1000                         
1895    5 59.5000                         
1895    6 61.4000                         
1895    7 60.8000                         
1895    8 60.7000                         
1895    9 60.7000                         
1895   10 61.5000                         
1895   11 59.9000                         
1895   12 59.6000                         
1896    1 61.6000                         
1896    2 64.3000                         
1896    3 64.4000                         
1896    4 64.6000                         
1896    5 67.0000                         
1896    6 14.6000                         
1896    7 .                               
1896    8 77.6000                         
1896    9 74.9000                         
1896   10 74.9000                         
1896   11 77.4000                         
1896   12 76.3000                         
1897    1 78.0000                         
1897    2 78.0000                         
1897    3 79.3000                         
1897    4 79.0000                         
1897    5 79.1000                         
1897    6 80.9000                         
1897    7 78.7000                         
1897    8 83.0000                         
1897    9 83.6000                         
1897   10 81.5000                         
1897   11 76.2000                         
1897   12 75.4000                         
1898    1 78.3000                         
1898    2 78.4000                         
1898    3 79.6000                         
1898    4 77.8000                         
1898    5 77.7000                         
1898    6 78.9000                         
1898    7 .                               
1898    8 79.1000                         
1898    9 81.2000                         
1898   10 79.8000                         
1898   11 82.8000                         
1898   12 84.1000                         
1899    1 87.0000                         
1899    2 86.8000                         
1899    3 89.1000                         
1899    4 90.6000                         
1899    5 88.6000                         
1899    6 90.3000                         
1899    7 .                               
1899    8 89.4000                         
1899    9 91.5000                         
1899   10 90.6000                         
1899   11 91.9000                         
1899   12 88.5000                         
1900    1 90.7000                         
1900    2 93.7000                         
1900    3 95.4000                         
1900    4 94.8000                         
1900    5 94.9000                         
1900    6 95.8000                         
1900    7 95.2000                         
1900    8 94.4000                         
1900    9 93.9000                         
1900   10 93.7000                         
1900   11 94.8000                         
1900   12 95.2000                         
1901    1 97.0000                         
1901    2 99.7000                         
1901    3 101.300                         
1901    4 95.8000                         
1901    5 96.2000                         
1901    6 93.0000                         
1901    7 92.0000                         
1901    8 91.0000                         
1901    9 92.6000                         
1901   10 89.6000                         
1901   11 88.7000                         
1901   12 88.4000                         
1902    1 90.4000                         
1902    2 90.3000                         
1902    3 89.9000                         
1902    4 91.4000                         
1902    5 91.7000                         
1902    6 91.7000                         
1902    7 90.6000                         
1902    8 89.6000                         
1902    9 89.8000                         
1902   10 88.6000                         
1902   11 88.8000                         
1902   12 88.6000                         
1903    1 89.2000                         
1903    2 90.1000                         
1903    3 90.1000                         
1903    4 90.7000                         
1903    5 92.9000                         
1903    6 91.9000                         
1903    7 90.8000                         
1903    8 89.6000                         
1903    9 89.5000                         
1903   10 89.3000                         
1903   11 88.9000                         
1903   12 88.1000                         
1904    1 88.0000                         
1904    2 87.5000                         
1904    3 87.2000                         
1904    4 87.4000                         
1904    5 87.6000                         
1904    6 87.5000                         
1904    7 87.1000                         
1904    8 86.7000                         
1904    9 87.2000                         
1904   10 86.6000                         
1904   11 86.6000                         
1904   12 86.5000                         
1905    1 87.5000                         
1905    2 87.6000                         
1905    3 88.4000                         
1905    4 88.6000                         
1905    5 88.6000                         
1905    6 88.8000                         
1905    7 89.0000                         
1905    8 89.2000                         
1905    9 91.7000                         
1905   10 94.4000                         
1905   11 91.7000                         
1905   12 91.2000                         
1906    1 88.7000                         
1906    2 89.1000                         
1906    3 88.3000                         
1906    4 88.9000                         
1906    5 88.9000                         
1906    6 88.5000                         
1906    7 88.0000                         
1906    8 88.7000                         
1906    9 88.6000                         
1906   10 89.4000                         
1906   11 92.2000                         
1906   12 95.0000                         
1907    1 98.9000                         
1907    2 98.9000                         
1907    3 98.1000                         
1907    4 97.5000                         
1907    5 96.5000                         
1907    6 98.5000                         
1907    7 99.3000                         
1907    8 96.7000                         
1907    9 91.7000                         
1907   10 95.7000                         
1907   11 98.0000                         
1907   12 97.8000                         
1908    1 99.8000                         
1908    2 97.1000                         
1908    3 97.4000                         
1908    4 97.1000                         
1908    5 96.8000                         
1908    6 96.6000                         
1908    7 95.7000                         
1908    8 95.5000                         
1908    9 95.7000                         
1908   10 95.4000                         
1908   11 94.3000                         
1908   12 93.2000                         
1909    1 92.4000                         
1909    2 94.4000                         
1909    3 93.6000                         
1909    4 94.5000                         
1909    5 95.4000                         
1909    6 96.4000                         
1909    7 95.7000                         
1909    8 97.6000                         
1909    9 99.6000                         
1909   10 99.3000                         
1909   11 101.800                         
1909   12 101.500                         
1910    1 103.600                         
1910    2 108.600                         
1910    3 110.700                         
1910    4 119.900                         
1910    5 118.100                         
1910    6 118.100                         
1910    7 123.100                         
1910    8 127.900                         
1910    9 125.100                         
1910   10 124.200                         
1910   11 120.500                         
1910   12 117.000                         
1911    1 120.200                         
1911    2 118.700                         
1911    3 120.500                         
1911    4 121.400                         
1911    5 120.600                         
1911    6 119.800                         
1911    7 118.000                         
1911    8 116.200                         
1911    9 113.300                         
1911   10 115.900                         
1911   11 115.500                         
1911   12 110.400                         
1912    1 111.200                         
1912    2 109.800                         
1912    3 110.100                         
1912    4 110.600                         
1912    5 109.800                         
1912    6 102.600                         
1912    7 104.500                         
1912    8 107.300                         
1912    9 109.400                         
1912   10 108.200                         
1912   11 104.200                         
1912   12 102.000                         
1913    1 102.400                         
1913    2 100.900                         
1913    3 99.7000                         
1913    4 100.800                         
1913    5 104.700                         
1913    6 100.200                         
1913    7 100.600                         
1913    8 100.500                         
1913    9 100.000                         
1913   10 99.1000                         
1913   11 97.1000                         
1913   12 94.0000                         
1914    1 97.1000                         
1914    2 99.1000                         
1914    3 97.2000                         
1914    4 97.2000                         
1914    5 96.2000                         
1914    6 96.3000                         
1914    7 94.4000                         
1914    8 89.1000                         
1914    9 .                               
1914   10 .                               
1914   11 .                               
1914   12 .                               
1915    1 80.9000                         
1915    2 80.4000                         
1915    3 79.6000                         
1915    4 79.9000                         
1915    5 79.0000                         
1915    6 77.1000                         
1915    7 70.3000                         
1915    8 67.7000                         
1915    9 66.9000                         
1915   10 66.5000                         
1915   11 68.2000                         
1915   12 69.8000                         
1916    1 71.6000                         
1916    2 73.4000                         
1916    3 71.2000                         
1916    4 71.6000                         
1916    5 71.8000                         
1916    6 78.0000                         
1916    7 83.6000                         
1916    8 83.0000                         
1916    9 81.8000                         
1916   10 77.1000                         
1916   11 79.7000                         
1916   12 78.4000                         
1917    1 77.0000                         
1917    2 77.1000                         
1917    3 78.4000                         
1917    4 79.1000                         
1917    5 79.4000                         
1917    6 78.9000                         
1917    7 81.5000                         
1917    8 81.9000                         
1917    9 81.4000                         
1917   10 81.0000                         
1917   11 82.2000                         
1917   12 82.8000                         
1918    1 83.3000                         
1918    2 83.8000                         
1918    3 80.6000                         
1918    4 78.8000                         
1918    5 78.5000                         
1918    6 80.3000                         
1918    7 83.9000                         
1918    8 89.6000                         
1918    9 91.5000                         
1918   10 95.2000                         
1918   11 95.4000                         
1918   12 95.1000                         
1919    1 97.0000                         
1919    2 97.8000                         
1919    3 99.9000                         
1919    4 94.5000                         
1919    5 102.800                         
1919    6 101.600                         
1919    7 109.700                         
1919    8 109.000                         
1919    9 109.000                         
1919   10 112.300                         
1919   11 106.700                         
1919   12 106.600                         
1920    1 104.400                         
1920    2 108.600                         
1920    3 113.900                         
1920    4 102.300                         
1920    5 85.9000                         
1920    6 75.1000                         
1920    7 76.6000                         
1920    8 73.8000                         
1920    9 74.7000                         
1920   10 68.1000                         
1920   11 68.2000                         
1920   12 63.0000                         
1921    1 65.0000                         
1921    2 66.3000                         
1921    3 63.1000                         
1921    4 65.0000                         
1921    5 66.2000                         
1921    6 66.5000                         
1921    7 67.3000                         
1921    8 .                               
1921    9 65.3000                         
1921   10 61.6000                         
1921   11 63.1000                         
1921   12 63.6000                         
1922    1 64.8000                         
1922    2 64.5000                         
1922    3 67.2000                         
1922    4 75.4000                         
1922    5 77.0000                         
1922    6 78.1000                         
1922    7 79.7000                         
1922    8 81.4000                         
1922    9 81.5000                         
1922   10 83.7000                         
1922   11 84.9000                         
1922   12 85.5000                         
1923    1 88.2000                         
1923    2 88.7000                         
1923    3 91.1000                         
1923    4 97.1000                         
1923    5 97.8000                         
1923    6 98.4000                         
1923    7 91.4000                         
1923    8 91.2000                         
1923    9 92.5000                         
1923   10 90.9000                         
1923   11 87.9000                         
1923   12 85.6000                         
1924    1 85.4000                         
1924    2 88.9000                         
1924    3 87.9000                         
1924    4 87.9000                         
1924    5 89.1000                         
1924    6 89.0000                         
1924    7 90.7000                         
1924    8 92.5000                         
1924    9 91.6000                         
1924   10 93.4000                         
1924   11 97.5000                         
1924   12 98.6000                         
1925    1 102.100                         
1925    2 102.600                         
1925    3 107.200                         
1925    4 109.500                         
1925    5 108.100                         
1925    6 110.100                         
1925    7 107.200                         
1925    8 112.700                         
1925    9 112.400                         
1925   10 118.300                         
1925   11 120.000                         
1925   12 119.100                         
1926    1 119.200                         
1926    2 115.800                         
1926    3 115.900                         
1926    4 116.100                         
1926    5 117.000                         
1926    6 122.700                         
1926    7 117.700                         
1926    8 120.800                         
1926    9 120.100                         
1926   10 118.000                         
1926   11 119.900                         
1926   12 118.700                         
1927    1 117.000                         
1927    2 115.900                         
1927    3 114.300                         
1927    4 115.400                         
1927    5 117.800                         
1927    6 119.200                         
1927    7 120.300                         
1927    8 119.900                         
1927    9 122.200                         
1927   10 124.600                         
1927   11 123.900                         
1927   12 126.600                         
1928    1 128.600                         
1928    2 128.400                         
1928    3 135.200                         
1928    4 137.000                         
1928    5 140.400                         
1928    6 137.300                         
1928    7 137.500                         
1928    8 140.400                         
1928    9 141.000                         
1928   10 146.200                         
1928   11 142.100                         
1928   12 141.400                         
1929    1 147.700                         
1929    2 146.800                         
1929    3 143.000                         
1929    4 141.400                         
1929    5 134.500                         
1929    6 133.900                         
1929    7 129.600                         
1929    8 131.500                         
1929    9 129.900                         
1929   10 127.600                         
1929   11 121.600                         
1929   12 121.800                         
1930    1 121.900                         
1930    2 116.700                         
1930    3 117.700                         
1930    4 120.800                         
1930    5 118.300                         
1930    6 112.300                         
1930    7 113.300                         
1930    8 105.600                         
1930    9 112.300                         
1930   10 107.100                         
1930   11 108.800                         
1930   12 103.000                         
1931    1 99.4000                         
1931    2 95.7000                         
1931    3 100.800                         
1931    4 98.6000                         
1931    5 90.7000                         
1931    6 92.2000                         
1931    7 97.3000                         
1931    8 91.8000                         
1931    9 84.9000                         
1931   10 95.3000                         
1931   11 95.8000                         
1931   12 89.5000                         
1932    1 90.8000                         
1932    2 89.7000                         
1932    3 93.1000                         
1932    4 89.1000                         
1932    5 86.4000                         
1932    6 84.4000                         
1932    7 93.4000                         
1932    8 97.4000                         
1932    9 102.600                         
1932   10 105.400                         
1932   11 104.900                         
1932   12 104.300                         
1933    1 107.100                         
1933    2 105.400                         
1933    3 104.500                         
1933    4 104.900                         
1933    5 108.600                         
1933    6 113.900                         
1933    7 121.200                         
1933    8 122.400                         
1933    9 122.700                         
1933   10 124.500                         
1933   11 124.000                         
1933   12 123.700                         
1934    1 129.000                         
1934    2 132.200                         
1934    3 134.000                         
1934    4 138.700                         
1934    5 138.500                         
1934    6 135.300                         
1934    7 135.100                         
1934    8 138.000                         
1934    9 138.000                         
1934   10 137.100                         
1934   11 143.200                         
1934   12 140.800                         
1935    1 145.100                         
1935    2 141.000                         
1935    3 137.800                         
1935    4 .                               
1935    5 .                               
1935    6 .                               
1935    7 .                               
1935    8 .                               
1935    9 .                               
1935   10 .                               
1935   11 .                               
1935   12 .                               
